reflected barycentric tile origin and center mapping for depth 2

-----------------------------------------------------------------------------------------
| tile index |   barycentric origin   | Bary center prereflect |  Bary center reflected |
-----------------------------------------------------------------------------------------
|   (0,0)    |  (0.000000, 0.000000)  |  (0.083333, 0.083333)  |  (0.083333, 0.083333)  |
|   (0,1)    |  (0.000000, 0.250000)  |  (0.083333, 0.333333)  |  (0.083333, 0.333333)  |
|   (0,2)    |  (0.000000, 0.500000)  |  (0.083333, 0.583333)  |  (0.083333, 0.583333)  |
|   (0,3)    |  (0.000000, 0.750000)  |  (0.083333, 0.833333)  |  (0.083333, 0.833333)  |
|   (1,0)    |  (0.250000, 0.000000)  |  (0.333333, 0.083333)  |  (0.333333, 0.083333)  |
|   (1,1)    |  (0.250000, 0.250000)  |  (0.333333, 0.333333)  |  (0.333333, 0.333333)  |
|   (1,2)    |  (0.250000, 0.500000)  |  (0.333333, 0.583333)  |  (0.333333, 0.583333)  |
|   (1,3)    |  (0.250000, 0.750000)  |  (0.333333, 0.833333)  |  (0.166667, 0.666667)  |
|   (2,0)    |  (0.500000, 0.000000)  |  (0.583333, 0.083333)  |  (0.583333, 0.083333)  |
|   (2,1)    |  (0.500000, 0.250000)  |  (0.583333, 0.333333)  |  (0.583333, 0.333333)  |
|   (2,2)    |  (0.500000, 0.500000)  |  (0.583333, 0.583333)  |  (0.416667, 0.416667)  |
|   (2,3)    |  (0.500000, 0.750000)  |  (0.583333, 0.833333)  |  (0.166667, 0.416667)  |
|   (3,0)    |  (0.750000, 0.000000)  |  (0.833333, 0.083333)  |  (0.833333, 0.083333)  |
|   (3,1)    |  (0.750000, 0.250000)  |  (0.833333, 0.333333)  |  (0.666667, 0.166667)  |
|   (3,2)    |  (0.750000, 0.500000)  |  (0.833333, 0.583333)  |  (0.416667, 0.166667)  |
|   (3,3)    |  (0.750000, 0.750000)  |  (0.833333, 0.833333)  |  (0.166667, 0.166667)  |
-----------------------------------------------------------------------------------------

Total tiles per face = 16.